block_id,trip_id,route_id,service_id,direction_id,shape_id,wheelchair_accessible,bikes_allowed
1A,2546273,15288,35126,0,80859,,
1A,2546274,15288,35126,0,80859,,
1A,2546275,15288,35126,0,80859,,
1A,2546276,15288,35126,0,80859,,
1A,2546277,15288,35126,0,80859,,
1A,2546278,15288,35126,0,80859,,
1A,2546279,15288,35126,0,80859,,
1A,2546280,15288,35126,0,80859,,
1A,2546281,15288,35126,0,80859,,
1A,2546282,15288,35126,0,80859,,
1A,2546283,15288,35126,0,80859,,
1A,2546284,15288,35126,0,80859,,
1A,2546285,15288,35126,0,80859,,
1A,2546286,15288,35126,0,80859,,
1A,2546287,15288,35126,0,80859,,
1A,2546288,15288,35126,0,80859,,
1A,2546289,15288,35126,1,80860,,
1A,2546290,15288,35126,1,80860,,
1A,2546291,15288,35126,1,80860,,
1A,2546292,15288,35126,1,80860,,
1A,2546293,15288,35126,1,80860,,
1A,2546294,15288,35126,1,80860,,
1A,2546295,15288,35126,1,80860,,
1A,2546296,15288,35126,1,80860,,
1A,2546297,15288,35126,1,80860,,
1A,2546298,15288,35126,1,80860,,
1A,2546299,15288,35126,1,80860,,
1A,2546300,15288,35126,1,80860,,
1A,2546301,15288,35126,1,80860,,
1A,2546302,15288,35126,1,80860,,
1A,2546303,15288,35126,1,80860,,
1A,2546304,15288,35126,1,81122,,
2A,2546410,15289,35126,0,81149,,
2A,2546411,15289,35126,0,81149,,
2A,2546412,15289,35126,0,81149,,
2A,2546413,15289,35126,0,81149,,
2A,2546414,15289,35126,0,81149,,
2A,2546415,15289,35126,0,81149,,
2A,2546416,15289,35126,0,81149,,
2A,2546417,15289,35126,0,81149,,
2A,2546418,15289,35126,0,81149,,
2A,2546419,15289,35126,0,81149,,
2A,2546420,15289,35126,0,81149,,
2A,2546421,15289,35126,0,81149,,
2A,2546422,15289,35126,0,81149,,
2A,2546423,15289,35126,0,81149,,
2A,2546424,15289,35126,0,81149,,
2A,2546425,15289,35126,0,81149,,
2A,2546426,15289,35126,0,81149,,
2A,2546427,15289,35126,0,81149,,
2A,2546428,15289,35126,0,81149,,
2A,2546429,15289,35126,0,81149,,
2A,2546430,15289,35126,0,81149,,
2A,2546431,15289,35126,0,81149,,
2A,2546432,15289,35126,0,81149,,
2A,2546433,15289,35126,0,81149,,
2A,2546434,15289,35126,0,81149,,
2A,2546435,15289,35126,0,81149,,
2A,2546436,15289,35126,0,81149,,
2A,2546437,15289,35126,0,81149,,
2A,2546438,15289,35126,0,81149,,
2A,2546439,15289,35126,0,81149,,
2A,2546440,15289,35126,0,81149,,
2A,2546441,15289,35126,0,81149,,
2A,2546442,15289,35126,0,81149,,
2A,2546443,15289,35126,0,81149,,
2A,2546445,15289,35127,0,81149,,
2A,2546446,15289,35127,0,81149,,
2A,2546447,15289,35127,0,81149,,
2A,2546448,15289,35127,0,81149,,
2A,2546449,15289,35127,0,81149,,
2A,2546450,15289,35127,0,81149,,
2A,2546451,15289,35127,0,81149,,
2A,2546452,15289,35127,0,81149,,
2A,2546453,15289,35127,0,81149,,
2A,2546454,15289,35127,0,81149,,
2A,2546455,15289,35127,0,81149,,
2A,2546456,15289,35127,0,81149,,
2A,2546457,15289,35127,0,81149,,
2A,2546459,15289,35127,0,81149,,
2A,2546460,15289,35127,0,81149,,
2A,2546461,15289,35127,0,81149,,
2A,2546462,15289,35127,0,81149,,
2A,2546463,15289,35127,0,81149,,
2A,2546464,15289,35127,0,81149,,
2A,2546465,15289,35127,0,81149,,
2A,2546466,15289,35127,0,81149,,
2A,2546467,15289,35127,0,81149,,
2A,2546468,15289,35127,0,81149,,
2A,2546469,15289,35127,0,81149,,
2A,2546470,15289,35127,0,81149,,
2A,2546471,15289,35127,0,81149,,
2A,2546472,15289,35127,0,81149,,
2A,2546473,15289,35127,0,81149,,
2A,2546474,15289,35127,0,81149,,
2A,2546475,15289,35127,0,81149,,
2A,2546476,15289,35127,0,81149,,
2A,2546477,15289,35127,0,81149,,
2A,2546478,15289,35127,0,81149,,
2A,2546479,15289,35127,0,81149,,
2A,2546481,15289,35132,0,81149,,
2A,2546482,15289,35132,0,81149,,
2A,2546483,15289,35132,0,81149,,
2A,2546484,15289,35132,0,81149,,
2A,2546485,15289,35132,0,81149,,
2A,2546486,15289,35132,0,81149,,
2A,2546487,15289,35132,0,81149,,
2A,2546488,15289,35132,0,81149,,
2A,2546490,15289,35132,0,81149,,
2A,2546491,15289,35132,0,81149,,
2A,2546492,15289,35132,0,81149,,
2A,2546493,15289,35132,0,81149,,
2A,2546494,15289,35132,0,81149,,
2A,2546495,15289,35132,0,81149,,
2A,2546496,15289,35132,0,81149,,
2A,2546497,15289,35132,0,81149,,
2A,2546498,15289,35132,0,81149,,
2A,2546512,15289,35132,0,81149,,
2A,2546513,15289,35132,0,81149,,
2A,2546514,15289,35132,0,81149,,
2A,2546444,15289,35126,0,81150,,
2A,2546480,15289,35127,0,81150,,
2A,2546515,15289,35132,0,81150,,
3A,2546518,15290,35126,0,81151,,
3A,2546519,15290,35126,0,81151,,
3A,2546520,15290,35126,0,81151,,
3A,2546521,15290,35126,0,81151,,
3A,2546522,15290,35126,0,81151,,
3A,2546523,15290,35126,0,81151,,
3A,2546524,15290,35126,0,81151,,
3A,2546525,15290,35126,0,81151,,
3A,2546526,15290,35126,0,81151,,
3A,2546527,15290,35126,0,81151,,
3A,2546528,15290,35126,0,81151,,
3A,2546529,15290,35126,0,81151,,
3A,2546530,15290,35126,0,81151,,
3A,2546531,15290,35126,0,81151,,
3A,2546532,15290,35126,0,81151,,
3A,2546533,15290,35126,0,81151,,
3A,2546534,15290,35126,0,81151,,
3B,2548782,15290,35126,0,81151,,
3B,2548784,15290,35126,0,81151,,
3B,2548785,15290,35126,0,81151,,
3B,2548786,15290,35126,0,81151,,
3B,2548787,15290,35126,0,81151,,
3B,2548788,15290,35126,0,81151,,
3A,2548812,15290,35127,0,81151,,
3A,2548813,15290,35127,0,81151,,
3A,2548814,15290,35127,0,81151,,
3A,2548815,15290,35127,0,81151,,
3A,2548816,15290,35127,0,81151,,
3A,2548817,15290,35127,0,81151,,
3A,2548818,15290,35127,0,81151,,
3A,2548819,15290,35127,0,81151,,
3A,2548820,15290,35127,0,81151,,
3A,2548821,15290,35127,0,81151,,
3A,2548822,15290,35127,0,81151,,
3A,2548823,15290,35127,0,81151,,
3A,2548824,15290,35127,0,81151,,
3A,2548825,15290,35127,0,81151,,
3A,2548826,15290,35127,0,81151,,
3A,2548827,15290,35127,0,81151,,
3A,2548828,15290,35127,0,81151,,
3A,2546517,15290,35126,1,81153,,
3A,2546543,15290,35126,1,81153,,
3A,2546544,15290,35126,1,81153,,
3A,2546545,15290,35126,1,81153,,
3A,2546546,15290,35126,1,81153,,
3A,2546547,15290,35126,1,81153,,
3A,2546548,15290,35126,1,81153,,
3A,2546549,15290,35126,1,81153,,
3A,2546550,15290,35126,1,81153,,
3A,2546551,15290,35126,1,81153,,
3A,2546552,15290,35126,1,81153,,
3A,2546553,15290,35126,1,81153,,
3A,2546554,15290,35126,1,81153,,
3A,2546555,15290,35126,1,81153,,
3A,2546556,15290,35126,1,81153,,
3A,2546557,15290,35126,1,81153,,
3A,2546558,15290,35126,1,81153,,
3A,2546559,15290,35126,1,81153,,
3B,2548789,15290,35126,1,81153,,
3B,2548790,15290,35126,1,81153,,
3B,2548791,15290,35126,1,81153,,
3B,2548792,15290,35126,1,81153,,
3A,2548794,15290,35127,1,81153,,
3A,2548795,15290,35127,1,81153,,
3A,2548796,15290,35127,1,81153,,
3A,2548797,15290,35127,1,81153,,
3A,2548798,15290,35127,1,81153,,
3A,2548799,15290,35127,1,81153,,
3A,2548800,15290,35127,1,81153,,
3A,2548801,15290,35127,1,81153,,
3A,2548802,15290,35127,1,81153,,
3A,2548803,15290,35127,1,81153,,
3A,2548804,15290,35127,1,81153,,
3A,2548805,15290,35127,1,81153,,
3A,2548806,15290,35127,1,81153,,
3A,2548807,15290,35127,1,81153,,
3A,2548808,15290,35127,1,81153,,
3A,2548809,15290,35127,1,81153,,
3A,2548810,15290,35127,1,81153,,
3A,2548811,15290,35127,1,81153,,
3A,2546516,15290,35126,0,81158,,
3A,2548793,15290,35127,0,81158,,
3B,2548778,15290,35126,1,81159,,
3B,2548779,15290,35126,1,81159,,
3B,2548780,15290,35126,1,81165,,
3B,2548781,15290,35126,1,81165,,
TA,2787410,15300,35126,0,88357,,

TA,2787411,15300,35126,0,88357,,

TA,2787412,15300,35126,0,88357,,

TA,2787413,15300,35126,0,88357,,

TA,2787414,15300,35126,0,88357,,

TA,2787415,15300,35126,0,88357,,

TA,2787416,15300,35126,0,88357,,

TA,2787417,15300,35126,0,88357,,

TA,2787418,15300,35126,0,88357,,

TA,2787419,15300,35126,0,88357,,

TA,2787420,15300,35126,0,88357,,

TA,2787421,15300,35126,0,88357,,

TA,2787422,15300,35126,0,88357,,

TA,2787423,15300,35126,0,88357,,

TA,2787424,15300,35126,0,88357,,

TA,2787425,15300,35126,0,88357,,

TA,2787426,15300,35126,0,88357,,

TA,2787427,15300,35126,0,88357,,

TA,2787428,15300,35126,0,88357,,

TA,2787429,15300,35126,0,88357,,

TA,2787430,15300,35126,0,88357,,

TA,2787431,15300,35126,0,88357,,

TB,2787455,15300,35126,0,88357,,
TB,2787456,15300,35126,0,88357,,
TB,2787457,15300,35126,0,88357,,
TB,2787458,15300,35126,0,88357,,
TB,2787459,15300,35126,0,88357,,
TB,2787460,15300,35126,0,88357,,
TB,2787461,15300,35126,0,88357,,
TB,2787462,15300,35126,0,88357,,
TB,2787463,15300,35126,0,88357,,
TB,2787464,15300,35126,0,88357,,
TB,2787465,15300,35126,0,88357,,
TB,2787466,15300,35126,0,88357,,
TB,2787467,15300,35126,0,88357,,
TB,2787468,15300,35126,0,88357,,
TB,2787469,15300,35126,0,88357,,
TB,2787470,15300,35126,0,88357,,
TB,2787471,15300,35126,0,88357,,
TB,2787472,15300,35126,0,88357,,
TB,2787473,15300,35126,0,88357,,
TB,2787474,15300,35126,0,88357,,
TB,2787475,15300,35126,0,88357,,
TB,2787476,15300,35126,0,88357,,
TC,2787499,15300,35126,0,88357,,
TC,2787500,15300,35126,0,88357,,
TC,2787501,15300,35126,0,88357,,
TC,2787502,15300,35126,0,88357,,
TC,2787503,15300,35126,0,88357,,
TC,2787504,15300,35126,0,88357,,
TC,2787505,15300,35126,0,88357,,
TC,2787506,15300,35126,0,88357,,
TC,2787507,15300,35126,0,88357,,
TC,2787508,15300,35126,0,88357,,
TC,2787509,15300,35126,0,88357,,
TC,2787510,15300,35126,0,88357,,
TC,2787511,15300,35126,0,88357,,
TC,2787512,15300,35126,0,88357,,
TC,2787513,15300,35126,0,88357,,
TC,2787514,15300,35126,0,88357,,
TC,2787515,15300,35126,0,88357,,
TC,2787516,15300,35126,0,88357,,
TC,2787517,15300,35126,0,88357,,
TC,2787518,15300,35126,0,88357,,
TC,2787519,15300,35126,0,88357,,
TC,2787520,15300,35126,0,88357,,
TA,2787544,15300,35127,0,88357,,
TA,2787545,15300,35127,0,88357,,
TA,2787546,15300,35127,0,88357,,
TA,2787547,15300,35127,0,88357,,
TA,2787548,15300,35127,0,88357,,
TA,2787549,15300,35127,0,88357,,
TA,2787550,15300,35127,0,88357,,
TA,2787551,15300,35127,0,88357,,
TA,2787552,15300,35127,0,88357,,
TA,2787553,15300,35127,0,88357,,
TA,2787554,15300,35127,0,88357,,
TA,2787555,15300,35127,0,88357,,
TA,2787556,15300,35127,0,88357,,
TA,2787557,15300,35127,0,88357,,
TA,2787558,15300,35127,0,88357,,
TA,2787559,15300,35127,0,88357,,
TA,2787560,15300,35127,0,88357,,
TA,2787561,15300,35127,0,88357,,
TA,2787562,15300,35127,0,88357,,
TA,2787563,15300,35127,0,88357,,
TA,2787564,15300,35127,0,88357,,
TA,2787565,15300,35127,0,88357,,
TB,2787593,15300,35127,0,88357,,
TB,2787594,15300,35127,0,88357,,
TB,2787595,15300,35127,0,88357,,
TB,2787596,15300,35127,0,88357,,
TB,2787597,15300,35127,0,88357,,
TB,2787598,15300,35127,0,88357,,
TB,2787599,15300,35127,0,88357,,
TB,2787600,15300,35127,0,88357,,
TB,2787601,15300,35127,0,88357,,
TB,2787602,15300,35127,0,88357,,
TB,2787603,15300,35127,0,88357,,
TB,2787604,15300,35127,0,88357,,
TB,2787605,15300,35127,0,88357,,
TB,2787606,15300,35127,0,88357,,
TB,2787607,15300,35127,0,88357,,
TB,2787608,15300,35127,0,88357,,
TB,2787609,15300,35127,0,88357,,
TB,2787610,15300,35127,0,88357,,
TB,2787611,15300,35127,0,88357,,
TB,2787612,15300,35127,0,88357,,
TB,2787613,15300,35127,0,88357,,
TB,2787614,15300,35127,0,88357,,
TC,2787640,15300,35127,0,88357,,
TC,2787641,15300,35127,0,88357,,
TC,2787642,15300,35127,0,88357,,
TC,2787643,15300,35127,0,88357,,
TC,2787644,15300,35127,0,88357,,
TC,2787645,15300,35127,0,88357,,
TC,2787646,15300,35127,0,88357,,
TC,2787647,15300,35127,0,88357,,
TC,2787648,15300,35127,0,88357,,
TC,2787649,15300,35127,0,88357,,
TC,2787650,15300,35127,0,88357,,
TC,2787651,15300,35127,0,88357,,
TC,2787652,15300,35127,0,88357,,
TC,2787653,15300,35127,0,88357,,
TC,2787654,15300,35127,0,88357,,
TC,2787655,15300,35127,0,88357,,
TC,2787656,15300,35127,0,88357,,
TC,2787657,15300,35127,0,88357,,
TC,2787658,15300,35127,0,88357,,
TC,2787659,15300,35127,0,88357,,
TC,2787660,15300,35127,0,88357,,
TC,2787661,15300,35127,0,88357,,
T1SUN,2787685,15300,35132,0,88357,,
T1SUN,2787686,15300,35132,0,88357,,
T1SUN,2787687,15300,35132,0,88357,,
T1SUN,2787688,15300,35132,0,88357,,
T1SUN,2787689,15300,35132,0,88357,,
T1SUN,2787690,15300,35132,0,88357,,
T1SUN,2787691,15300,35132,0,88357,,
T1SUN,2787692,15300,35132,0,88357,,
T1SUN,2787693,15300,35132,0,88357,,
T1SUN,2787694,15300,35132,0,88357,,
T1SUN,2787695,15300,35132,0,88357,,
T1SUN,2787696,15300,35132,0,88357,,
T1SUN,2787697,15300,35132,0,88357,,
T1SUN,2787698,15300,35132,0,88357,,
T2SUN,2787709,15300,35132,0,88357,,
T2SUN,2787710,15300,35132,0,88357,,
T2SUN,2787711,15300,35132,0,88357,,
T2SUN,2787712,15300,35132,0,88357,,
T2SUN,2787713,15300,35132,0,88357,,
T2SUN,2787714,15300,35132,0,88357,,
T2SUN,2787715,15300,35132,0,88357,,
T2SUN,2787716,15300,35132,0,88357,,
T2SUN,2787717,15300,35132,0,88357,,
T2SUN,2787718,15300,35132,0,88357,,
TA,2787405,15300,35126,1,88423,,
TA,2787406,15300,35126,1,88423,,
TA,2787407,15300,35126,1,88423,,
TA,2787408,15300,35126,1,88423,,
TA,2787409,15300,35126,1,88423,,
TB,2787450,15300,35126,1,88423,,
TB,2787451,15300,35126,1,88423,,
TB,2787452,15300,35126,1,88423,,
TB,2787453,15300,35126,1,88423,,
TC,2787494,15300,35126,1,88423,,
TC,2787495,15300,35126,1,88423,,
TC,2787496,15300,35126,1,88423,,
TC,2787497,15300,35126,1,88423,,
TC,2787498,15300,35126,1,88423,,
TA,2787539,15300,35127,1,88423,,
TA,2787540,15300,35127,1,88423,,
TA,2787541,15300,35127,1,88423,,
TA,2787542,15300,35127,1,88423,,
TA,2787543,15300,35127,1,88423,,
TB,2787588,15300,35127,1,88423,,
TB,2787589,15300,35127,1,88423,,
TB,2787590,15300,35127,1,88423,,
TB,2787591,15300,35127,1,88423,,
TC,2787635,15300,35127,1,88423,,
TC,2787636,15300,35127,1,88423,,
TC,2787637,15300,35127,1,88423,,
TC,2787638,15300,35127,1,88423,,
TC,2787639,15300,35127,1,88423,,
TA,2787382,15300,35126,1,88424,,
TA,2787383,15300,35126,1,88424,,
TA,2787384,15300,35126,1,88424,,
TA,2787385,15300,35126,1,88424,,
TA,2787386,15300,35126,1,88424,,
TA,2787387,15300,35126,1,88424,,
TA,2787388,15300,35126,1,88424,,
TA,2787389,15300,35126,1,88424,,
TA,2787390,15300,35126,1,88424,,
TA,2787391,15300,35126,1,88424,,
TA,2787392,15300,35126,1,88424,,
TA,2787393,15300,35126,1,88424,,
TA,2787394,15300,35126,1,88424,,
TA,2787395,15300,35126,1,88424,,
TA,2787396,15300,35126,1,88424,,
TA,2787397,15300,35126,1,88424,,
TA,2787398,15300,35126,1,88424,,
TA,2787404,15300,35126,1,88424,,
TB,2787432,15300,35126,1,88424,,
TB,2787433,15300,35126,1,88424,,
TB,2787434,15300,35126,1,88424,,
TB,2787435,15300,35126,1,88424,,
TB,2787436,15300,35126,1,88424,,
TB,2787437,15300,35126,1,88424,,
TB,2787438,15300,35126,1,88424,,
TB,2787439,15300,35126,1,88424,,
TB,2787440,15300,35126,1,88424,,
TB,2787441,15300,35126,1,88424,,
TB,2787442,15300,35126,1,88424,,
TB,2787443,15300,35126,1,88424,,
TB,2787444,15300,35126,1,88424,,
TB,2787445,15300,35126,1,88424,,
TB,2787446,15300,35126,1,88424,,
TB,2787447,15300,35126,1,88424,,
TB,2787448,15300,35126,1,88424,,
TB,2787449,15300,35126,1,88424,,
TC,2787477,15300,35126,1,88424,,
TC,2787478,15300,35126,1,88424,,
TC,2787479,15300,35126,1,88424,,
TC,2787480,15300,35126,1,88424,,
TC,2787481,15300,35126,1,88424,,
TC,2787482,15300,35126,1,88424,,
TC,2787483,15300,35126,1,88424,,
TC,2787484,15300,35126,1,88424,,
TC,2787485,15300,35126,1,88424,,
TC,2787486,15300,35126,1,88424,,
TC,2787487,15300,35126,1,88424,,
TC,2787488,15300,35126,1,88424,,
TC,2787489,15300,35126,1,88424,,
TC,2787490,15300,35126,1,88424,,
TC,2787491,15300,35126,1,88424,,
TC,2787492,15300,35126,1,88424,,
TC,2787493,15300,35126,1,88424,,
TA,2787521,15300,35127,1,88424,,
TA,2787522,15300,35127,1,88424,,
TA,2787523,15300,35127,1,88424,,
TA,2787524,15300,35127,1,88424,,
TA,2787525,15300,35127,1,88424,,
TA,2787526,15300,35127,1,88424,,
TA,2787527,15300,35127,1,88424,,
TA,2787528,15300,35127,1,88424,,
TA,2787529,15300,35127,1,88424,,
TA,2787530,15300,35127,1,88424,,
TA,2787531,15300,35127,1,88424,,
TA,2787532,15300,35127,1,88424,,
TA,2787533,15300,35127,1,88424,,
TA,2787534,15300,35127,1,88424,,
TA,2787535,15300,35127,1,88424,,
TA,2787536,15300,35127,1,88424,,
TA,2787537,15300,35127,1,88424,,
TA,2787538,15300,35127,1,88424,,
TB,2787566,15300,35127,1,88424,,
TB,2787567,15300,35127,1,88424,,
TB,2787568,15300,35127,1,88424,,
TB,2787569,15300,35127,1,88424,,
TB,2787570,15300,35127,1,88424,,
TB,2787571,15300,35127,1,88424,,
TB,2787572,15300,35127,1,88424,,
TB,2787573,15300,35127,1,88424,,
TB,2787574,15300,35127,1,88424,,
TB,2787575,15300,35127,1,88424,,
TB,2787576,15300,35127,1,88424,,
TB,2787577,15300,35127,1,88424,,
TB,2787578,15300,35127,1,88424,,
TB,2787579,15300,35127,1,88424,,
TB,2787580,15300,35127,1,88424,,
TB,2787581,15300,35127,1,88424,,
TB,2787582,15300,35127,1,88424,,
TB,2787583,15300,35127,1,88424,,
TC,2787616,15300,35127,1,88424,,
TC,2787617,15300,35127,1,88424,,
TC,2787618,15300,35127,1,88424,,
TC,2787619,15300,35127,1,88424,,
TC,2787620,15300,35127,1,88424,,
TC,2787621,15300,35127,1,88424,,
TC,2787622,15300,35127,1,88424,,
TC,2787623,15300,35127,1,88424,,
TC,2787624,15300,35127,1,88424,,
TC,2787625,15300,35127,1,88424,,
TC,2787626,15300,35127,1,88424,,
TC,2787627,15300,35127,1,88424,,
TC,2787628,15300,35127,1,88424,,
TC,2787629,15300,35127,1,88424,,
TC,2787630,15300,35127,1,88424,,
TC,2787631,15300,35127,1,88424,,
TC,2787632,15300,35127,1,88424,,
T1SUN,2787662,15300,35132,1,88424,,
T1SUN,2787663,15300,35132,1,88424,,
T1SUN,2787664,15300,35132,1,88424,,
T1SUN,2787665,15300,35132,1,88424,,
T1SUN,2787674,15300,35132,1,88424,,
T1SUN,2787676,15300,35132,1,88424,,
T1SUN,2787677,15300,35132,1,88424,,
T1SUN,2787678,15300,35132,1,88424,,
T1SUN,2787679,15300,35132,1,88424,,
T1SUN,2787680,15300,35132,1,88424,,
T1SUN,2787681,15300,35132,1,88424,,
T1SUN,2787682,15300,35132,1,88424,,
T1SUN,2787683,15300,35132,1,88424,,
T1SUN,2787684,15300,35132,1,88424,,
T2SUN,2787699,15300,35132,1,88424,,

T2SUN,2787700,15300,35132,1,88424,,

T2SUN,2787701,15300,35132,1,88424,,

T2SUN,2787702,15300,35132,1,88424,,

T2SUN,2787703,15300,35132,1,88424,,

T2SUN,2787704,15300,35132,1,88424,,

T2SUN,2787705,15300,35132,1,88424,,

T2SUN,2787706,15300,35132,1,88424,,

T2SUN,2787707,15300,35132,1,88424,,

T2SUN,2787708,15300,35132,1,88424,,
TB,2787454,15300,35126,1,89556,,
TB,2787592,15300,35127,1,89556,,
11A,2659858,15298,35126,0,85047,,
11A,2659859,15298,35126,0,85047,,
11A,2659860,15298,35126,0,85047,,
11A,2659861,15298,35126,0,85047,,
11A,2659862,15298,35126,0,85047,,
11A,2659863,15298,35126,0,85047,,
11A,2659864,15298,35126,0,85047,,
11A,2659865,15298,35126,0,85047,,
11A,2659866,15298,35126,0,85047,,
11A,2659867,15298,35126,0,85047,,
11A,2659868,15298,35126,0,85047,,
11A,2659869,15298,35126,0,85047,,
11A,2659870,15298,35126,0,85047,,
11A,2659871,15298,35126,0,85047,,
11A,2659872,15298,35126,0,85047,,
11A,2659873,15298,35126,0,85047,,
11A,2659889,15298,35127,0,85047,,
11A,2659890,15298,35127,0,85047,,
11A,2659891,15298,35127,0,85047,,
11A,2659892,15298,35127,0,85047,,
11A,2659893,15298,35127,0,85047,,
11A,2659894,15298,35127,0,85047,,
11A,2659895,15298,35127,0,85047,,
11A,2659896,15298,35127,0,85047,,
11A,2659897,15298,35127,0,85047,,
11A,2659898,15298,35127,0,85047,,
11A,2659899,15298,35127,0,85047,,
11A,2659900,15298,35127,0,85047,,
11A,2659901,15298,35127,0,85047,,
11A,2659874,15298,35126,1,85048,,
11A,2659875,15298,35126,1,85048,,
11A,2659876,15298,35126,1,85048,,
11A,2659877,15298,35126,1,85048,,
11A,2659878,15298,35126,1,85048,,
11A,2659879,15298,35126,1,85048,,
11A,2659880,15298,35126,1,85048,,
11A,2659881,15298,35126,1,85048,,
11A,2659882,15298,35126,1,85048,,
11A,2659883,15298,35126,1,85048,,
11A,2659884,15298,35126,1,85048,,
11A,2659885,15298,35126,1,85048,,
11A,2659886,15298,35126,1,85048,,
11A,2659887,15298,35126,1,85048,,
11A,2659888,15298,35126,1,85048,,
11A,2659915,15298,35127,1,85048,,
11A,2659916,15298,35127,1,85048,,
11A,2659917,15298,35127,1,85048,,
11A,2659918,15298,35127,1,85048,,
11A,2659919,15298,35127,1,85048,,
11A,2659920,15298,35127,1,85048,,
11A,2659921,15298,35127,1,85048,,
11A,2659922,15298,35127,1,85048,,
11A,2659923,15298,35127,1,85048,,
11A,2659924,15298,35127,1,85048,,
11A,2659925,15298,35127,1,85048,,
11A,2659926,15298,35127,1,85048,,
4A,2553593,15291,35126,0,81476,,
4A,2553594,15291,35126,0,81476,,
4A,2553595,15291,35126,0,81476,,
4A,2553596,15291,35126,0,81476,,
4A,2553597,15291,35126,0,81476,,
4A,2553598,15291,35126,0,81476,,
4A,2553599,15291,35126,0,81476,,
4A,2553600,15291,35126,0,81476,,
4A,2553601,15291,35126,0,81476,,
4A,2553602,15291,35126,0,81476,,
4A,2553603,15291,35126,0,81476,,
4A,2553604,15291,35126,0,81476,,
4A,2553605,15291,35126,0,81476,,
4A,2553606,15291,35126,0,81476,,
4A,2553607,15291,35126,0,81476,,
4B,2553618,15291,35126,0,81476,,
4B,2553619,15291,35126,0,81476,,
4B,2553620,15291,35126,0,81476,,
4B,2553621,15291,35126,0,81476,,
4B,2553622,15291,35126,0,81476,,
4B,2553623,15291,35126,0,81476,,
4B,2553624,15291,35126,0,81476,,
4C,2553625,15291,35126,0,81476,,
4C,2553626,15291,35126,0,81476,,
4C,2553627,15291,35126,0,81476,,
4C,2553628,15291,35126,0,81476,,
4C,2553629,15291,35126,0,81476,,
4A,2558075,15291,35127,0,81476,,
4A,2558076,15291,35127,0,81476,,
4A,2558077,15291,35127,0,81476,,
4A,2558078,15291,35127,0,81476,,
4A,2558079,15291,35127,0,81476,,
4A,2558080,15291,35127,0,81476,,
4A,2558081,15291,35127,0,81476,,
4A,2558082,15291,35127,0,81476,,
4A,2558083,15291,35127,0,81476,,
4A,2558084,15291,35127,0,81476,,
4A,2558085,15291,35127,0,81476,,
4A,2558086,15291,35127,0,81476,,
4A,2558087,15291,35127,0,81476,,
4A,2558088,15291,35127,0,81476,,
4A,2558089,15291,35127,0,81476,,
4A,2553578,15291,35126,0,81477,,
4A,2553579,15291,35126,0,81477,,
4A,2553580,15291,35126,0,81477,,
4A,2553581,15291,35126,0,81477,,
4A,2553582,15291,35126,0,81477,,
4A,2553583,15291,35126,0,81477,,
4A,2553584,15291,35126,0,81477,,
4A,2553585,15291,35126,0,81477,,
4A,2553586,15291,35126,0,81477,,
4A,2553587,15291,35126,0,81477,,
4A,2553588,15291,35126,0,81477,,
4A,2553589,15291,35126,0,81477,,
4A,2553590,15291,35126,0,81477,,
4A,2553591,15291,35126,0,81477,,
4A,2553592,15291,35126,0,81477,,
4B,2553608,15291,35126,0,81477,,
4B,2553609,15291,35126,0,81477,,
4B,2553610,15291,35126,0,81477,,
4B,2553611,15291,35126,0,81477,,
4B,2553612,15291,35126,0,81477,,
4B,2553613,15291,35126,0,81477,,
4C,2553614,15291,35126,0,81477,,
4C,2553615,15291,35126,0,81477,,
4C,2553616,15291,35126,0,81477,,
4C,2553617,15291,35126,0,81477,,
4A,2558058,15291,35127,0,81477,,
4A,2558059,15291,35127,0,81477,,
4A,2558060,15291,35127,0,81477,,
4A,2558061,15291,35127,0,81477,,
4A,2558062,15291,35127,0,81477,,
4A,2558064,15291,35127,0,81477,,
4A,2558065,15291,35127,0,81477,,
4A,2558066,15291,35127,0,81477,,
4A,2558067,15291,35127,0,81477,,
4A,2558068,15291,35127,0,81477,,
4A,2558069,15291,35127,0,81477,,
4A,2558070,15291,35127,0,81477,,
4A,2558071,15291,35127,0,81477,,
4A,2558072,15291,35127,0,81477,,
4A,2558073,15291,35127,0,81477,,
5A,2560344,15292,35126,0,81824,,
5A,2560356,15292,35126,0,81824,,
5A,2560357,15292,35126,0,81824,,
5A,2560358,15292,35126,0,81824,,
5A,2560359,15292,35126,0,81824,,
5A,2560360,15292,35126,0,81824,,
5A,2560361,15292,35126,0,81824,,
5A,2560362,15292,35126,0,81824,,
5A,2560363,15292,35126,0,81824,,
5A,2560364,15292,35126,0,81824,,
5A,2560365,15292,35126,0,81824,,
5B,2560368,15292,35126,0,81824,,
5B,2560369,15292,35126,0,81824,,
5B,2560370,15292,35126,0,81824,,
5B,2560371,15292,35126,0,81824,,
5B,2560372,15292,35126,0,81824,,
5B,2560373,15292,35126,0,81824,,
5B,2560374,15292,35126,0,81824,,
5B,2560375,15292,35126,0,81824,,
5B,2560376,15292,35126,0,81824,,
5B,2560377,15292,35126,0,81824,,
5B,2560378,15292,35126,0,81824,,
5C,2560401,15292,35126,0,81824,,
5C,2560402,15292,35126,0,81824,,
5C,2560403,15292,35126,0,81824,,
5C,2560404,15292,35126,0,81824,,
5C,2560405,15292,35126,0,81824,,
5C,2560406,15292,35126,0,81824,,
5C,2560407,15292,35126,0,81824,,
5C,2560408,15292,35126,0,81824,,
5C,2560409,15292,35126,0,81824,,
5C,2560410,15292,35126,0,81824,,
5C,2560411,15292,35126,0,81824,,
5A,2560412,15292,35127,0,81824,,
5A,2560413,15292,35127,0,81824,,
5A,2560414,15292,35127,0,81824,,
5A,2560415,15292,35127,0,81824,,
5A,2560416,15292,35127,0,81824,,
5A,2560417,15292,35127,0,81824,,
5A,2560418,15292,35127,0,81824,,
5A,2560419,15292,35127,0,81824,,
5A,2560420,15292,35127,0,81824,,
5A,2560421,15292,35127,0,81824,,
5A,2560422,15292,35127,0,81824,,
5B,2560436,15292,35127,0,81824,,
5B,2560437,15292,35127,0,81824,,
5B,2560438,15292,35127,0,81824,,
5B,2560439,15292,35127,0,81824,,
5B,2560440,15292,35127,0,81824,,
5B,2560441,15292,35127,0,81824,,
5B,2560442,15292,35127,0,81824,,
5B,2560443,15292,35127,0,81824,,
5B,2560444,15292,35127,0,81824,,
5B,2560445,15292,35127,0,81824,,
5B,2560446,15292,35127,0,81824,,
5C,2560469,15292,35127,0,81824,,
5C,2560470,15292,35127,0,81824,,
5C,2560471,15292,35127,0,81824,,
5C,2560472,15292,35127,0,81824,,
5C,2560473,15292,35127,0,81824,,
5C,2560474,15292,35127,0,81824,,
5C,2560475,15292,35127,0,81824,,
5C,2560476,15292,35127,0,81824,,
5C,2560477,15292,35127,0,81824,,
5C,2560478,15292,35127,0,81824,,
5C,2560479,15292,35127,0,81824,,
5A,2560345,15292,35126,1,81825,,
5A,2560346,15292,35126,1,81825,,
5A,2560347,15292,35126,1,81825,,
5A,2560348,15292,35126,1,81825,,
5A,2560349,15292,35126,1,81825,,
5A,2560350,15292,35126,1,81825,,
5A,2560351,15292,35126,1,81825,,
5A,2560352,15292,35126,1,81825,,
5A,2560353,15292,35126,1,81825,,
5A,2560354,15292,35126,1,81825,,
5A,2560355,15292,35126,1,81825,,
5B,2560380,15292,35126,1,81825,,
5B,2560381,15292,35126,1,81825,,
5B,2560382,15292,35126,1,81825,,
5B,2560383,15292,35126,1,81825,,
5B,2560384,15292,35126,1,81825,,
5B,2560385,15292,35126,1,81825,,
5B,2560386,15292,35126,1,81825,,
5B,2560387,15292,35126,1,81825,,
5B,2560388,15292,35126,1,81825,,
5B,2560389,15292,35126,1,81825,,
5C,2560390,15292,35126,1,81825,,
5C,2560391,15292,35126,1,81825,,
5C,2560392,15292,35126,1,81825,,
5C,2560393,15292,35126,1,81825,,
5C,2560394,15292,35126,1,81825,,
5C,2560395,15292,35126,1,81825,,
5C,2560396,15292,35126,1,81825,,
5C,2560397,15292,35126,1,81825,,
5C,2560398,15292,35126,1,81825,,
5C,2560399,15292,35126,1,81825,,
5C,2560400,15292,35126,1,81825,,
5A,2560423,15292,35127,1,81825,,
5A,2560424,15292,35127,1,81825,,
5A,2560425,15292,35127,1,81825,,
5A,2560426,15292,35127,1,81825,,
5A,2560427,15292,35127,1,81825,,
5A,2560428,15292,35127,1,81825,,
5A,2560429,15292,35127,1,81825,,
5A,2560430,15292,35127,1,81825,,
5A,2560431,15292,35127,1,81825,,
5A,2560432,15292,35127,1,81825,,
5A,2560433,15292,35127,1,81825,,
5B,2560447,15292,35127,1,81825,,
5B,2560448,15292,35127,1,81825,,
5B,2560449,15292,35127,1,81825,,
5B,2560450,15292,35127,1,81825,,
5B,2560451,15292,35127,1,81825,,
5B,2560452,15292,35127,1,81825,,
5B,2560453,15292,35127,1,81825,,
5B,2560454,15292,35127,1,81825,,
5B,2560455,15292,35127,1,81825,,
5B,2560456,15292,35127,1,81825,,
5C,2560458,15292,35127,1,81825,,
5C,2560459,15292,35127,1,81825,,
5C,2560460,15292,35127,1,81825,,
5C,2560461,15292,35127,1,81825,,
5C,2560462,15292,35127,1,81825,,
5C,2560463,15292,35127,1,81825,,
5C,2560464,15292,35127,1,81825,,
5C,2560465,15292,35127,1,81825,,
5C,2560466,15292,35127,1,81825,,
5C,2560467,15292,35127,1,81825,,
5C,2560468,15292,35127,1,81825,,
5A,2560366,15292,35126,0,81826,,
5A,2560434,15292,35127,0,81826,,
5B,2560367,15292,35126,1,81827,,
5B,2560435,15292,35127,1,81827,,
5B,2560379,15292,35126,1,81828,,
5B,2560457,15292,35127,1,81828,,
6A,2562743,15293,35126,1,81960,,
6A,2562744,15293,35126,1,81960,,
6A,2562745,15293,35126,1,81960,,
6A,2562746,15293,35126,1,81960,,
6A,2562747,15293,35126,1,81960,,
6A,2562748,15293,35126,1,81960,,
6A,2562749,15293,35126,1,81960,,
6A,2562750,15293,35126,1,81960,,
6A,2562751,15293,35126,1,81960,,
6A,2562752,15293,35126,1,81960,,
6A,2562753,15293,35126,1,81960,,
6A,2562754,15293,35126,1,81960,,
6A,2562755,15293,35126,1,81960,,
6A,2562756,15293,35126,1,81960,,
6A,2562757,15293,35126,1,81960,,
6A,2562758,15293,35126,1,81960,,
6A,2562759,15293,35126,1,81960,,
6A,2562760,15293,35126,1,81960,,
6A,2562815,15293,35127,1,81960,,
6A,2562816,15293,35127,1,81960,,
6A,2562817,15293,35127,1,81960,,
6A,2562818,15293,35127,1,81960,,
6A,2562819,15293,35127,1,81960,,
6A,2562820,15293,35127,1,81960,,
6A,2562821,15293,35127,1,81960,,
6A,2562822,15293,35127,1,81960,,
6A,2562823,15293,35127,1,81960,,
6A,2562824,15293,35127,1,81960,,
6A,2562825,15293,35127,1,81960,,
6A,2562826,15293,35127,1,81960,,
6A,2562827,15293,35127,1,81960,,
6A,2562828,15293,35127,1,81960,,
6A,2562829,15293,35127,1,81960,,
6A,2562830,15293,35127,1,81960,,
6A,2562831,15293,35127,1,81960,,
6A,2562832,15293,35127,1,81960,,
6A,2562798,15293,35126,0,81961,,
6A,2562799,15293,35126,0,81961,,
6A,2562800,15293,35126,0,81961,,
6A,2562801,15293,35126,0,81961,,
6A,2562802,15293,35126,0,81961,,
6A,2562803,15293,35126,0,81961,,
6A,2562804,15293,35126,0,81961,,
6A,2562805,15293,35126,0,81961,,
6A,2562806,15293,35126,0,81961,,
6A,2562807,15293,35126,0,81961,,
6A,2562808,15293,35126,0,81961,,
6A,2562809,15293,35126,0,81961,,
6A,2562810,15293,35126,0,81961,,
6A,2562811,15293,35126,0,81961,,
6A,2562812,15293,35126,0,81961,,
6A,2562813,15293,35126,0,81961,,
6A,2562814,15293,35126,0,81961,,
6A,2562833,15293,35127,0,81961,,
6A,2562834,15293,35127,0,81961,,
6A,2562835,15293,35127,0,81961,,
6A,2562836,15293,35127,0,81961,,
6A,2562837,15293,35127,0,81961,,
6A,2562838,15293,35127,0,81961,,
6A,2562839,15293,35127,0,81961,,
6A,2562840,15293,35127,0,81961,,
6A,2562841,15293,35127,0,81961,,
6A,2562842,15293,35127,0,81961,,
6A,2562843,15293,35127,0,81961,,
6A,2562844,15293,35127,0,81961,,
6A,2562845,15293,35127,0,81961,,
6A,2562846,15293,35127,0,81961,,
6A,2562847,15293,35127,0,81961,,
6A,2562848,15293,35127,0,81961,,
6A,2562849,15293,35127,0,81961,,
7A,2562850,15294,35126,0,81995,,
7A,2595412,15294,35127,0,81995,,
7A,2562860,15294,35126,0,81996,,
7A,2562861,15294,35126,0,81996,,
7A,2562862,15294,35126,0,81996,,
7A,2562863,15294,35126,0,81996,,
7A,2562864,15294,35126,0,81996,,
7A,2562865,15294,35126,0,81996,,
7A,2562866,15294,35126,0,81996,,
7A,2562867,15294,35126,0,81996,,
7B,2562868,15294,35126,0,81996,,
7B,2562869,15294,35126,0,81996,,
7B,2562870,15294,35126,0,81996,,
7B,2562871,15294,35126,0,81996,,
7B,2562872,15294,35126,0,81996,,
7B,2562873,15294,35126,0,81996,,
7B,2562874,15294,35126,0,81996,,
7B,2562875,15294,35126,0,81996,,
7B,2562876,15294,35126,0,81996,,
7B,2562877,15294,35126,0,81996,,
7B,2562878,15294,35126,0,81996,,
7C,2562967,15294,35126,0,81996,,
7C,2562968,15294,35126,0,81996,,
7C,2562969,15294,35126,0,81996,,
7C,2562970,15294,35126,0,81996,,
7C,2562971,15294,35126,0,81996,,
7C,2562972,15294,35126,0,81996,,
7C,2562973,15294,35126,0,81996,,
7C,2562974,15294,35126,0,81996,,
7C,2562975,15294,35126,0,81996,,
7C,2562976,15294,35126,0,81996,,
7D,2562990,15294,35126,0,81996,,
7D,2562991,15294,35126,0,81996,,
7D,2562992,15294,35126,0,81996,,
7D,2562993,15294,35126,0,81996,,
7D,2562994,15294,35126,0,81996,,
7D,2562995,15294,35126,0,81996,,
7D,2562996,15294,35126,0,81996,,
7D,2562997,15294,35126,0,81996,,
7E,2595402,15294,35126,0,81996,,
7E,2595403,15294,35126,0,81996,,
7E,2595404,15294,35126,0,81996,,
7E,2595405,15294,35126,0,81996,,
7E,2595406,15294,35126,0,81996,,
7E,2595407,15294,35126,0,81996,,
7E,2595408,15294,35126,0,81996,,
7E,2595409,15294,35126,0,81996,,
7E,2595410,15294,35126,0,81996,,
7E,2595411,15294,35126,0,81996,,
7A,2595421,15294,35127,0,81996,,
7A,2595422,15294,35127,0,81996,,
7A,2595423,15294,35127,0,81996,,
7A,2595424,15294,35127,0,81996,,
7A,2595425,15294,35127,0,81996,,
7A,2595426,15294,35127,0,81996,,
7A,2595427,15294,35127,0,81996,,
7A,2595428,15294,35127,0,81996,,
7B,2595429,15294,35127,0,81996,,
7B,2595430,15294,35127,0,81996,,
7B,2595431,15294,35127,0,81996,,
7B,2595432,15294,35127,0,81996,,
7B,2595433,15294,35127,0,81996,,
7B,2595434,15294,35127,0,81996,,
7B,2595435,15294,35127,0,81996,,
7B,2595436,15294,35127,0,81996,,
7B,2595437,15294,35127,0,81996,,
7B,2595448,15294,35127,0,81996,,
7B,2595449,15294,35127,0,81996,,
7C,2595451,15294,35127,0,81996,,
7C,2595452,15294,35127,0,81996,,
7C,2595453,15294,35127,0,81996,,
7C,2595454,15294,35127,0,81996,,
7C,2595455,15294,35127,0,81996,,
7C,2595456,15294,35127,0,81996,,
7C,2595457,15294,35127,0,81996,,
7C,2595458,15294,35127,0,81996,,
7C,2595459,15294,35127,0,81996,,
7C,2595460,15294,35127,0,81996,,
7D,2623476,15294,35127,0,81996,,
7D,2623477,15294,35127,0,81996,,
7D,2623478,15294,35127,0,81996,,
7D,2623479,15294,35127,0,81996,,
7D,2623480,15294,35127,0,81996,,
7D,2623481,15294,35127,0,81996,,
7D,2623482,15294,35127,0,81996,,
7D,2623483,15294,35127,0,81996,,
7E,2623504,15294,35127,0,81996,,
7E,2623505,15294,35127,0,81996,,
7E,2623506,15294,35127,0,81996,,
7E,2623507,15294,35127,0,81996,,
7E,2623508,15294,35127,0,81996,,
7E,2623509,15294,35127,0,81996,,
7E,2623510,15294,35127,0,81996,,
7E,2623511,15294,35127,0,81996,,
7E,2623512,15294,35127,0,81996,,
7E,2623513,15294,35127,0,81996,,
7C,2562987,15294,35126,0,81997,,
7C,2610471,15294,35127,0,81997,,
7C,2562966,15294,35126,1,81998,,
7C,2595450,15294,35127,1,81998,,
7D,2562989,15294,35126,1,81999,,
7D,2623475,15294,35127,1,81999,,
7A,2562851,15294,35126,1,82000,,
7A,2562852,15294,35126,1,82000,,
7A,2562853,15294,35126,1,82000,,
7A,2562854,15294,35126,1,82000,,
7A,2562855,15294,35126,1,82000,,
7A,2562856,15294,35126,1,82000,,
7A,2562857,15294,35126,1,82000,,
7A,2562858,15294,35126,1,82000,,
7B,2562879,15294,35126,1,82000,,
7B,2562880,15294,35126,1,82000,,
7B,2562881,15294,35126,1,82000,,
7B,2562882,15294,35126,1,82000,,
7B,2562883,15294,35126,1,82000,,
7B,2562884,15294,35126,1,82000,,
7B,2562885,15294,35126,1,82000,,
7B,2562886,15294,35126,1,82000,,
7B,2562887,15294,35126,1,82000,,
7B,2562888,15294,35126,1,82000,,
7C,2562977,15294,35126,1,82000,,
7C,2562978,15294,35126,1,82000,,
7C,2562979,15294,35126,1,82000,,
7C,2562980,15294,35126,1,82000,,
7C,2562981,15294,35126,1,82000,,
7C,2562982,15294,35126,1,82000,,
7C,2562983,15294,35126,1,82000,,
7C,2562984,15294,35126,1,82000,,
7C,2562985,15294,35126,1,82000,,
7C,2562986,15294,35126,1,82000,,
7D,2595384,15294,35126,1,82000,,
7D,2595385,15294,35126,1,82000,,
7D,2595386,15294,35126,1,82000,,
7D,2595387,15294,35126,1,82000,,
7D,2595388,15294,35126,1,82000,,
7D,2595389,15294,35126,1,82000,,
7D,2595390,15294,35126,1,82000,,
7D,2595391,15294,35126,1,82000,,
7E,2595392,15294,35126,1,82000,,
7E,2595393,15294,35126,1,82000,,
7E,2595394,15294,35126,1,82000,,
7E,2595395,15294,35126,1,82000,,
7E,2595396,15294,35126,1,82000,,
7E,2595397,15294,35126,1,82000,,
7E,2595398,15294,35126,1,82000,,
7E,2595399,15294,35126,1,82000,,
7E,2595400,15294,35126,1,82000,,
7E,2595401,15294,35126,1,82000,,
7A,2595413,15294,35127,1,82000,,
7A,2595414,15294,35127,1,82000,,
7A,2595415,15294,35127,1,82000,,
7A,2595416,15294,35127,1,82000,,
7A,2595417,15294,35127,1,82000,,
7A,2595418,15294,35127,1,82000,,
7A,2595419,15294,35127,1,82000,,
7A,2595420,15294,35127,1,82000,,
7B,2595438,15294,35127,1,82000,,
7B,2595439,15294,35127,1,82000,,
7B,2595440,15294,35127,1,82000,,
7B,2595441,15294,35127,1,82000,,
7B,2595442,15294,35127,1,82000,,
7B,2595443,15294,35127,1,82000,,
7B,2595444,15294,35127,1,82000,,
7B,2595445,15294,35127,1,82000,,
7B,2595446,15294,35127,1,82000,,
7B,2595447,15294,35127,1,82000,,
7C,2595461,15294,35127,1,82000,,
7C,2595462,15294,35127,1,82000,,
7C,2595463,15294,35127,1,82000,,
7C,2595464,15294,35127,1,82000,,
7C,2595465,15294,35127,1,82000,,
7C,2595466,15294,35127,1,82000,,
7C,2595467,15294,35127,1,82000,,
7C,2595468,15294,35127,1,82000,,
7C,2595469,15294,35127,1,82000,,
7C,2595470,15294,35127,1,82000,,
7D,2623484,15294,35127,1,82000,,
7D,2623485,15294,35127,1,82000,,
7D,2623486,15294,35127,1,82000,,
7D,2623487,15294,35127,1,82000,,
7D,2623488,15294,35127,1,82000,,
7D,2623489,15294,35127,1,82000,,
7D,2623490,15294,35127,1,82000,,
7D,2623491,15294,35127,1,82000,,
7E,2623492,15294,35127,1,82000,,
7E,2623493,15294,35127,1,82000,,
7E,2623494,15294,35127,1,82000,,
7E,2623495,15294,35127,1,82000,,
7E,2623498,15294,35127,1,82000,,
7E,2623499,15294,35127,1,82000,,
7E,2623500,15294,35127,1,82000,,
7E,2623501,15294,35127,1,82000,,
7E,2623502,15294,35127,1,82000,,
7E,2623503,15294,35127,1,82000,,
8A,2623537,15295,35126,0,83779,,
8A,2623538,15295,35126,0,83779,,
8A,2623539,15295,35126,0,83779,,
8A,2623540,15295,35126,0,83779,,
8A,2623541,15295,35126,0,83779,,
8A,2623542,15295,35126,0,83779,,
8A,2623543,15295,35126,0,83779,,
8A,2623544,15295,35126,0,83779,,
8A,2623545,15295,35126,0,83779,,
8A,2623546,15295,35126,0,83779,,
8A,2623547,15295,35126,0,83779,,
8A,2623548,15295,35126,0,83779,,
8B,2651559,15295,35126,0,83779,,
8B,2651560,15295,35126,0,83779,,
8B,2651561,15295,35126,0,83779,,
8B,2651562,15295,35126,0,83779,,
8B,2651563,15295,35126,0,83779,,
8B,2651564,15295,35126,0,83779,,
8B,2651565,15295,35126,0,83779,,
8A,2651578,15295,35127,0,83779,,
8A,2651579,15295,35127,0,83779,,
8A,2651580,15295,35127,0,83779,,
8A,2651581,15295,35127,0,83779,,
8A,2651582,15295,35127,0,83779,,
8A,2651583,15295,35127,0,83779,,
8A,2651584,15295,35127,0,83779,,
8A,2651585,15295,35127,0,83779,,
8A,2651586,15295,35127,0,83779,,
8A,2651587,15295,35127,0,83779,,
8A,2651588,15295,35127,0,83779,,
8A,2651589,15295,35127,0,83779,,
8A,2623525,15295,35126,1,83780,,
8A,2623526,15295,35126,1,83780,,
8A,2623527,15295,35126,1,83780,,
8A,2623528,15295,35126,1,83780,,
8A,2623529,15295,35126,1,83780,,
8A,2623530,15295,35126,1,83780,,
8A,2623531,15295,35126,1,83780,,
8A,2623532,15295,35126,1,83780,,
8A,2623533,15295,35126,1,83780,,
8A,2623534,15295,35126,1,83780,,
8A,2623535,15295,35126,1,83780,,
8A,2623536,15295,35126,1,83780,,
8B,2623549,15295,35126,1,83780,,
8B,2623550,15295,35126,1,83780,,
8B,2623551,15295,35126,1,83780,,
8B,2623552,15295,35126,1,83780,,
8B,2623553,15295,35126,1,83780,,
8B,2623554,15295,35126,1,83780,,
8B,2623555,15295,35126,1,83780,,
8A,2651566,15295,35127,1,83780,,
8A,2651567,15295,35127,1,83780,,
8A,2651568,15295,35127,1,83780,,
8A,2651569,15295,35127,1,83780,,
8A,2651570,15295,35127,1,83780,,
8A,2651571,15295,35127,1,83780,,
8A,2651572,15295,35127,1,83780,,
8A,2651573,15295,35127,1,83780,,
8A,2651574,15295,35127,1,83780,,
8A,2651575,15295,35127,1,83780,,
8A,2651576,15295,35127,1,83780,,
8A,2651577,15295,35127,1,83780,,
9A,2651606,15296,35126,0,84777,,
9A,2651607,15296,35126,0,84777,,
9A,2651608,15296,35126,0,84777,,
9A,2651609,15296,35126,0,84777,,
9A,2651610,15296,35126,0,84777,,
9A,2651611,15296,35126,0,84777,,
9A,2651612,15296,35126,0,84777,,
9A,2651613,15296,35126,0,84777,,
9A,2651614,15296,35126,0,84777,,
9A,2651615,15296,35126,0,84777,,
9A,2651616,15296,35126,0,84777,,
9A,2651617,15296,35126,0,84777,,
9A,2651618,15296,35126,0,84777,,
9A,2651619,15296,35126,0,84777,,
9A,2651620,15296,35126,0,84777,,
9A,2651635,15296,35127,0,84777,,
9A,2651636,15296,35127,0,84777,,
9A,2651637,15296,35127,0,84777,,
9A,2651638,15296,35127,0,84777,,
9A,2651639,15296,35127,0,84777,,
9A,2651640,15296,35127,0,84777,,
9A,2651641,15296,35127,0,84777,,
9A,2651642,15296,35127,0,84777,,
9A,2651643,15296,35127,0,84777,,
9A,2651644,15296,35127,0,84777,,
9A,2651645,15296,35127,0,84777,,
9A,2651646,15296,35127,0,84777,,
9A,2651647,15296,35127,0,84777,,
9A,2651648,15296,35127,0,84777,,
9A,2651649,15296,35127,0,84777,,
9A,2651925,15296,35132,0,84777,,
9A,2651926,15296,35132,0,84777,,
9A,2651927,15296,35132,0,84777,,
9A,2651928,15296,35132,0,84777,,
9A,2651929,15296,35132,0,84777,,
9A,2651930,15296,35132,0,84777,,
9A,2651621,15296,35126,1,84778,,
9A,2651622,15296,35126,1,84778,,
9A,2651623,15296,35126,1,84778,,
9A,2651624,15296,35126,1,84778,,
9A,2651625,15296,35126,1,84778,,
9A,2651626,15296,35126,1,84778,,
9A,2651627,15296,35126,1,84778,,
9A,2651628,15296,35126,1,84778,,
9A,2651629,15296,35126,1,84778,,
9A,2651630,15296,35126,1,84778,,
9A,2651631,15296,35126,1,84778,,
9A,2651632,15296,35126,1,84778,,
9A,2651633,15296,35126,1,84778,,
9A,2651634,15296,35126,1,84778,,
9A,2651911,15296,35127,1,84778,,
9A,2651912,15296,35127,1,84778,,
9A,2651913,15296,35127,1,84778,,
9A,2651914,15296,35127,1,84778,,
9A,2651915,15296,35127,1,84778,,
9A,2651916,15296,35127,1,84778,,
9A,2651917,15296,35127,1,84778,,
9A,2651918,15296,35127,1,84778,,
9A,2651919,15296,35127,1,84778,,
9A,2651920,15296,35127,1,84778,,
9A,2651921,15296,35127,1,84778,,
9A,2651922,15296,35127,1,84778,,
9A,2651923,15296,35127,1,84778,,
9A,2651924,15296,35127,1,84778,,
9A,2651931,15296,35132,1,84778,,
9A,2651932,15296,35132,1,84778,,
9A,2651933,15296,35132,1,84778,,
9A,2651934,15296,35132,1,84778,,
9A,2651935,15296,35132,1,84778,,
9A,2651936,15296,35132,1,84778,,
10A,2651958,15297,35126,0,84838,,
10A,2651959,15297,35126,0,84838,,
10A,2651960,15297,35126,0,84838,,
10A,2651961,15297,35126,0,84838,,
10A,2651962,15297,35126,0,84838,,
10A,2651963,15297,35126,0,84838,,
10A,2651965,15297,35126,0,84838,,
10A,2651966,15297,35126,0,84838,,
10A,2651967,15297,35126,0,84838,,
10A,2651968,15297,35126,0,84838,,
10A,2651969,15297,35126,0,84838,,
10A,2651976,15297,35126,0,84839,,
10A,2651977,15297,35126,0,84839,,
10A,2651978,15297,35126,0,84839,,
10A,2651979,15297,35126,0,84839,,
10A,2651980,15297,35126,0,84839,,
10A,2651981,15297,35126,0,84839,,
10A,2651999,15297,35127,0,84839,,
10A,2652000,15297,35127,0,84839,,
10A,2652001,15297,35127,0,84839,,
10A,2652002,15297,35127,0,84839,,
10A,2652003,15297,35127,0,84839,,
10A,2652004,15297,35127,0,84839,,
10A,2652005,15297,35127,0,84839,,
10A,2652006,15297,35127,0,84839,,
10A,2652007,15297,35127,0,84839,,
10A,2652008,15297,35127,0,84839,,
10A,2652009,15297,35127,0,84839,,
10A,2652010,15297,35127,0,84839,,
10A,2652011,15297,35127,0,84839,,
10A,2652012,15297,35127,0,84839,,
10A,2652013,15297,35127,0,84839,,
10A,2652014,15297,35127,0,84839,,
10A,2652015,15297,35127,0,84839,,
10A,2651941,15297,35126,1,84840,,
10A,2651942,15297,35126,1,84840,,
10A,2651943,15297,35126,1,84840,,
10A,2651944,15297,35126,1,84840,,
10A,2651945,15297,35126,1,84840,,
10A,2651946,15297,35126,1,84840,,
10A,2651947,15297,35126,1,84840,,
10A,2651948,15297,35126,1,84840,,
10A,2651949,15297,35126,1,84840,,
10A,2651950,15297,35126,1,84840,,
10A,2651951,15297,35126,1,84840,,
10A,2651952,15297,35126,1,84840,,
10A,2651953,15297,35126,1,84840,,
10A,2651954,15297,35126,1,84840,,
10A,2651955,15297,35126,1,84840,,
10A,2651956,15297,35126,1,84840,,
10A,2651957,15297,35126,1,84840,,
10A,2651982,15297,35127,1,84840,,
10A,2651983,15297,35127,1,84840,,
10A,2651984,15297,35127,1,84840,,
10A,2651985,15297,35127,1,84840,,
10A,2651986,15297,35127,1,84840,,
10A,2651987,15297,35127,1,84840,,
10A,2651988,15297,35127,1,84840,,
10A,2651989,15297,35127,1,84840,,
10A,2651990,15297,35127,1,84840,,
10A,2651991,15297,35127,1,84840,,
10A,2651992,15297,35127,1,84840,,
10A,2651993,15297,35127,1,84840,,
10A,2651994,15297,35127,1,84840,,
10A,2651995,15297,35127,1,84840,,
10A,2651996,15297,35127,1,84840,,
10A,2651997,15297,35127,1,84840,,
10A,2651998,15297,35127,1,84840,,
12A,2659927,15299,35132,0,85049,,
12A,2659928,15299,35132,0,85049,,
12A,2659929,15299,35132,0,85049,,
12A,2659930,15299,35132,0,85049,,
12A,2659931,15299,35132,0,85049,,
12B,2659942,15299,35132,0,85049,,
12B,2659943,15299,35132,0,85049,,
12B,2659944,15299,35132,0,85049,,
12B,2659945,15299,35132,0,85049,,
12B,2659946,15299,35132,0,85049,,
12A,2659932,15299,35132,1,85050,,
12A,2659933,15299,35132,1,85050,,
12A,2659934,15299,35132,1,85050,,
12A,2659935,15299,35132,1,85050,,
12A,2659936,15299,35132,1,85050,,
12B,2659937,15299,35132,1,85050,,
12B,2659938,15299,35132,1,85050,,
12B,2659939,15299,35132,1,85050,,
12B,2659940,15299,35132,1,85050,,
12B,2659941,15299,35132,1,85050,,
